INITIALIZTION with 4 threads
time passed with 4 threads= 0.688261
INITIALIZTION with single thread
time passed = 0.81429
********CALCULATING***********
time passed single threaded= 0.00616136
time passed with 4 threads= 0.0353988
y[0] = (-0.732,288.447)
y[1] = (-4.207,296.507)
y[2] = (-0.3828,287.073)
y[3] = (-1.0837,290.173)
y[4] = (5.5406,292.93)
y[5] = (-4.8882,300.537)
y[6] = (-1.4251,293.452)
y[7] = (-10.0808,290.533)
y[8] = (0.9453,292.453)
y[9] = (-2.6456,294.874)
y[10] = (1.0558,293.204)
y[11] = (-4.9347,298.929)
y[12] = (0.7659,287.792)
y[13] = (-0.0658,298.084)
y[14] = (-3.0551,291.778)
y[15] = (-1.4362,288.047)
